  2.7712976e+000  2.1672857e+000  2.4362741e+000
  2.2612045e+000  1.9628608e+000  1.1012844e+000
  2.2434628e+000  8.7221019e-001  1.2789758e+000
 -2.9151459e+000 -1.7896745e+000 -1.9108906e+000
 -1.5655849e-001 -4.0018970e+000 -2.4661366e+000
  3.6750240e+000  9.4966914e-001  1.3902352e+000
  2.3496283e+000  1.0483573e+000  2.2856315e+000
 -3.5669543e+000 -1.4138003e+000 -3.8369530e+000
 -7.9958942e-001 -2.9227573e+000  3.1321054e-001
  3.7551519e-001  2.9851336e+000  5.2008837e-001
 -7.9506447e-002 -9.8704252e-001  3.0830785e-002
  2.2722973e+000  3.5395479e+000  2.9869598e-001
  1.5648039e+000  2.0593701e+000  3.1194794e+000
  1.5090009e+000  1.0537112e+000  1.7865184e+000
  1.8545251e+000  1.9073353e+000  2.7346217e+000
 -1.0977476e+000 -1.3139835e+000 -2.2429150e+000
  1.6486759e-001  3.4618850e+000  1.9715313e+000
 -1.6944662e+000 -3.1804959e+000  3.9744967e-001
  1.0095603e-001  1.2479069e+000  1.9912871e+000
 -1.4873757e+000 -3.9454958e+000 -9.7736282e-001
 -3.1005335e+000 -2.7578725e+000  5.4688122e-001
 -6.5466845e-001 -3.0125153e+000 -2.1019681e+000
  1.4715110e+000  2.7878537e+000  2.8187917e+000
  1.0306719e+000  1.6759492e+000  2.6029560e+000
 -2.4089453e+000 -5.1228375e-002 -1.2777999e+000
  1.0664977e+000  2.5486994e+000  3.1864504e-001
  2.6502489e+000  2.1923949e+000  3.5615252e+000
 -1.8287991e-001 -2.0253498e+000 -2.5123426e+000
  1.2387937e-001  8.3910384e-001  1.9301465e+000
  2.5408781e+000  2.4672529e+000  1.5700511e+000
 -3.6160649e+000 -1.9259033e+000 -1.9983857e+000
  2.5280895e+000  2.8146541e+000  2.4060080e+000
 -1.5379605e+000 -1.3674549e+000 -2.4059583e+000
  2.8900792e+000  1.6945902e+000  1.1764253e+000
  1.1986575e+000  4.9821670e+000  2.1412628e+000
 -2.6176242e+000 -2.8693378e+000 -1.6608667e+000
 -2.4044320e+000 -2.1496823e+000 -1.2587068e+000
  1.2352755e+000  4.4000193e-001  8.2043387e-001
 -2.6835035e+000 -3.2774187e+000 -2.6511653e+000
  2.6202710e+000  2.0503168e+000  2.6184458e+000
 -2.6072596e+000 -2.3814003e+000 -2.8077049e+000
 -2.1588179e+000 -3.1360812e+000 -1.6885143e-001
  3.3684432e+000  2.9011979e+000  1.1921160e+000
  2.1186221e+000  2.4983951e+000  3.6095897e+000
 -9.2586670e-001 -1.4334788e+000 -1.4913819e+000
 -3.3056814e+000 -2.4272015e+000 -2.8989819e+000
 -2.1635559e-001 -3.5622701e+000 -2.7068108e+000
  7.6065830e-001  3.1862697e+000  2.6786649e+000
  3.6416056e+000  2.9025784e+000  1.3220879e-001
  2.8479795e+000 -9.0238000e-001  1.2946356e+000
 -2.0559628e+000 -7.4096049e-001 -2.4475093e+000
 -2.3887487e+000 -2.2841500e+000 -3.9001833e+000
  2.0142215e+000  2.2668071e+000  1.9728981e+000
 -1.8813624e+000 -4.7771488e-002 -1.5629744e+000
 -5.2618900e-001 -1.2269555e+000 -2.2309605e+000
 -2.6552042e+000 -2.5586159e+000 -3.7599838e+000
 -2.9338807e+000  1.8481867e+000 -3.5368649e+000
 -2.7027020e+000 -2.1521327e+000 -1.7095415e+000
  3.4591635e+000  1.2523014e+000  2.1357331e+000
 -2.8148713e+000 -7.1915567e-001 -6.2331659e-001
 -1.9909961e+000 -2.7294514e+000 -1.5083242e+000
 -3.7062828e+000 -9.0691866e-001 -1.5684466e+000
  2.9000732e+000  1.8698352e+000  9.2916095e-001
 -1.9909760e-001  2.1271433e+000  4.2764130e+000
 -1.9935021e+000 -2.6252091e+000 -3.2508004e-001
 -1.5348548e+000 -2.3783441e+000 -2.2180224e+000
  2.8656234e+000  3.7322841e+000  1.9507170e+000
  2.9118862e+000  2.5130399e+000  1.2770741e+000
 -2.0825323e+000 -1.6261913e+000 -1.6992122e+000
  3.8176310e+000  3.6460730e+000  3.2577053e+000
 -1.1607452e+000 -3.8529338e+000 -1.4975793e+000
 -3.2807688e+000 -2.5662546e+000 -1.9788414e-001
  2.4298423e+000  4.0002255e+000  2.6594128e+000
 -1.9353352e+000 -2.0692682e+000 -2.1050425e+000
  2.1891175e+000  3.0622419e-001  3.9061581e+000
  3.5357328e+000  2.4122862e+000  2.2388333e+000
  3.9454054e-001  1.2694966e+000  2.4848346e+000
 -1.6293516e+000 -1.4265916e+000 -2.2049306e+000
 -3.0191134e+000 -2.5258119e+000 -1.4461452e+000
  9.4016457e-001  2.4130290e+000  1.5488861e+000
 -3.3075206e+000 -2.9970508e+000 -1.4917269e+000
 -3.0218107e+000 -2.1456564e+000 -4.3104999e+000
  1.5394049e-002 -1.8133546e+000 -1.4748203e+000
 -9.5292015e-001  8.5815681e-001 -4.3677260e-002
  1.2198071e+000  1.9457594e+000  1.7523000e+000
 -2.0741249e+000 -1.0895537e+000 -2.2079399e+000
 -3.3751286e+000 -1.0823027e+000  6.6463467e-001
 -1.3913432e+000  1.9175451e-001 -5.6784026e-001
  3.5394522e+000  1.1404528e-001  2.0847189e+000
  1.0968615e+000  8.0669443e-001  1.1204980e+000
 -1.7469178e+000 -2.4614883e+000 -1.6779439e+000
 -1.3825152e+000 -2.5115073e+000 -1.6473917e+000
  6.6148812e-001  2.7656929e+000  2.2922401e+000
  3.0575539e+000  3.8520758e+000  2.5927742e+000
  1.4081453e+000  3.3098049e+000  3.6359284e+000
 -2.3207080e+000 -1.2699057e-001 -1.7123403e+000
  4.1301840e-001 -2.6238250e+000 -1.3600728e-001
 -1.4356065e+000 -2.1933362e-001 -2.0533034e+000
 -2.0361520e+000 -1.8703671e+000 -1.7601258e+000
  2.2545921e+000  1.8442102e+000  1.3325227e+000